,mem
0,62861312
1,269426688
2,320516096
3,365752320
4,404156416
5,430198784
6,432717824
7,432988160
8,432988160
9,435367936
10,435638272
11,435638272
12,435638272
13,435638272
14,435638272
15,435638272
16,435638272
17,435904512
18,435904512
19,436174848
20,436174848
21,436445184
22,436666368
23,437731328
24,438517760
25,439058432
26,439058432
27,439328768
28,439599104
29,439599104
30,439869440
31,439869440
32,440139776
33,440139776
34,440410112
35,440410112
36,440680448
37,440680448
38,440950784
39,440950784
40,441221120
41,442032128
42,442302464
43,442302464
44,442843136
45,442843136
46,442843136
47,443113472
48,443113472
49,443113472
50,443383808
51,443383808
52,443654144
53,444194816
54,444194816
55,444194816
56,444465152
57,444465152
58,444735488
59,444735488
60,445005824
61,445276160
62,445546496
63,445546496
64,445816832
65,445816832
66,446087168
67,446087168
68,446357504
69,446357504
70,446627840
71,446627840
72,446898176
73,446898176
74,447168512
75,447168512
76,447438848
77,447438848
78,447709184
79,447709184
80,447979520
81,447979520
82,447979520
83,448249856
84,448249856
85,448520192
86,448520192
87,448790528
88,448790528
89,449060864
90,449060864
91,449331200
92,449331200
93,449601536
94,449601536
95,449871872
96,449871872
97,450142208
98,450142208
99,450412544
100,450412544
101,451493888
102,451493888
103,451493888
104,451764224
105,452034560
106,452034560
107,452304896
108,452304896
109,452304896
110,452575232
111,452575232
112,451059712
