,mem
0,66813952
1,287158272
2,318783488
3,373874688
4,400179200
5,425635840
6,428908544
7,430231552
8,430481408
9,430481408
10,430481408
11,430673920
12,430673920
13,430673920
14,430673920
15,430673920
16,430673920
17,430673920
18,430673920
19,430919680
20,430919680
21,430919680
22,431185920
23,431185920
24,431996928
25,431996928
26,431996928
27,432267264
28,432267264
29,432537600
30,432537600
31,432807936
32,433078272
33,433078272
34,433078272
35,433348608
36,433348608
37,433618944
38,433889280
39,434159616
40,434159616
41,434159616
42,434429952
43,434429952
44,434700288
45,435236864
46,435507200
47,435507200
48,435507200
49,435777536
50,435777536
51,436047872
52,436047872
53,436318208
54,436318208
55,436318208
56,436588544
57,436588544
58,437399552
59,437399552
60,437399552
61,437616640
62,437886976
63,437886976
64,437886976
65,438157312
66,438157312
67,438427648
68,438427648
69,438427648
70,438697984
71,438697984
72,438968320
73,438968320
74,439238656
75,439238656
76,439508992
77,439508992
78,439508992
79,439779328
80,439779328
81,440049664
82,440049664
83,440320000
84,440320000
85,440320000
86,440590336
87,440590336
88,440860672
89,440860672
90,441131008
91,441131008
92,441131008
93,441401344
94,441401344
95,441671680
96,441671680
97,441942016
98,441942016
99,441942016
100,442212352
101,442212352
102,442482688
103,442482688
104,442753024
105,442753024
106,443023360
107,443023360
108,443023360
109,443293696
110,443293696
111,444645376
112,444645376
113,444645376
114,444645376
115,444645376
116,444645376
117,444645376
118,445186048
119,445186048
120,445456384
121,445456384
122,445726720
123,445726720
124,445726720
125,445882368
